id	B cells naive	B cells memory	Plasma cells	T cells CD8	T cells CD4 naive	T cells CD4 memory resting	T cells CD4 memory activated	T cells follicular helper	T cells regulatory (Tregs)	T cells gamma delta	NK cells resting	NK cells activated	Monocytes	Macrophages M0	Macrophages M1	Macrophages M2	Dendritic cells resting	Dendritic cells activated	Mast cells resting	Mast cells activated	Eosinophils	Neutrophils
GSM5176138_Control	0.0369256038291374	0	0.0341076157455405	0.0294935904263143	0	0.122176028643175	0	0.00150924460882284	0.0378251406000414	0	0	0.0309666544125252	0.083397893334319	0.0347160271328089	0.0642612920657124	0.269190335827748	0.0428876553635521	0	0.183893712280658	0	0.0130002248532545	0.0156489808763906
GSM5176139_Control	0.0652093733370693	0	0.019480296725392	0.0387974907277633	0	0.187774958716253	0	0.0378570230568361	0.0129706260392352	0	0	0.0131990914474767	0.073124047190562	0.039387917137171	0.0624815567579611	0.27318102398209	0.0268377608083383	0	0.1130649825642	0	0	0.0366338515096519
GSM5176140_Control	0.0518146478963042	0.00763811816647101	0.0985723681164487	0.000612486979679827	0	0.00962604671569482	0.0260278601204181	0.0536775866199093	0.0362067162457549	0.0815378610491722	0	0	0.0691223475040714	0.0561515101881807	0.0820142237285714	0.255312360042615	0.0387035061140169	0	0.104773845839639	0.0194566432518364	0.00834997552621294	0.000401895895003983
GSM5176141_Control	0.0818667505210044	0.0730009231314507	0.0521595747098344	0.0603464708225859	0	0.0603399061192251	0.0121231791991056	0.0106577550278649	0.0400952447452203	0	0.0301433894934193	0	0.0258901897645685	0.0368965989780429	0.0830313870293385	0.272354243047118	0.0259570826478288	0	0.0991529465861008	0	0	0.0359843581772916
GSM5176142_Control	0.0199627402397436	0.027447070114102	0.0529396251580203	0	0	0.0669120480648069	0	0.0455423696224357	0.0339879639262312	0	0.0399182134236379	0.0193398347554802	0.0410619737198726	0	0.0798367672561306	0.386725752604439	0.00264917239531889	0	0.143052828528819	0	0	0.0406236401909622
GSM1332201_Control	0.0351504016551007	0	0.0131607147984343	0.00624610348065142	0	0.131699114064699	0.0164814014570575	0.0173195764360092	0	0	0.0218770019880253	0	0.0322331331414761	0.00310806070318079	0.0425597196324488	0.440649117981231	0.0396635739224765	0	0.0724390613693477	0.0489506292540331	0.00210262193091906	0.0763597681849092
GSM1332202_Control	0.00618262944764534	0.0276407643904902	0.000956913870669939	0.0134144812857334	0	0.100438375015728	0	0.0155672602008843	0.0320935504536134	0	0	0.0530520022054637	0.0664317519282571	0	0.0410598850337446	0.463958131277356	0	0	0	0.167135661590475	0	0.0120685932999393
GSM1332203_Control	0	0.0558689473300324	0	0	0	0.211776145500585	0	0.003351664931367	0.00753434631052988	0.0478365615707709	0	0.0519959619645776	0.0231663701471577	0	0.0594254054648619	0.30132087249573	0.0519795052738945	0	0.0171729960787231	0.161119243972213	0	0.00745197895955646
GSM1332204_Control	0	0.042962880032564	0.00962423507445967	0	0	0.167352529794358	0	0.00456839059073142	0	0.0456996457830511	0	0	0.0409455690952417	0.0394913998073734	0.0537920462796412	0.37558022995618	0.0321047419196743	0	0	0.166489687756961	0.00358793997006853	0.0178007039396951
GSM1332205_Control	0	0.0535231361092933	0.00601061330786715	0	0	0.150309958718451	0	0.0306574804624792	0.0197081027415387	0.0400167391926093	0	0.00205146505052129	0.0742595129506785	0	0.0693202811713058	0.24321383940358	0.00824655717526099	0	0	0.29531190240123	0	0.007370411315184
GSM1332206_Control	0.0243652381984183	0	0.00500773692154529	0	0	0.146698038126954	0	0.0514866158674186	0.00751455042823636	0	0	0.0968297983062126	0.0207376285741553	0	0.0348535126327318	0.33056885183495	0.00435934033148999	0.0117028199576531	0	0.208498194802616	0.0425687480040872	0.0148089260135327
GSM1332207_Control	0	0.0423548628794001	0.0234189979122623	0	0	0.0797673944143691	0.00737355908489263	0.0286385887599845	0.0258168048094284	0.0487408816930711	0	0.0428502235845511	0.0640945810519277	0	0.226213538976366	0.244772625483326	0.0365441400118759	0	0.0338577559510667	0.065691545239591	0	0.0298645001478879
GSM1332208_Control	0.047436679273537	0.0272967486645351	0	0	0	0.185730297197426	0	0.0177410412004193	0.0476167481626391	0	0.0418704454475753	0	0	0.0168348186283909	0.0859816787961475	0.204661516297092	0.0120843995560768	0	0	0.309530694868479	0	0.0032149319076821
GSM1332209_Control	0.0425823395023114	0	0	0.0230941359302786	0	0.0986544056807416	0.0104944562928366	0.0249663438351639	0.0100706309253923	0	0.00329584936972347	0.0222853402548785	0.0369584621424952	0.092760753294409	0.0398600116038858	0.436876696547176	0.0065651254488557	0	0.131128419197758	0	0	0.0204070299740935
GSM1332210_Control	0	0.0803708452087199	0.0133195440689664	0.00987209840295892	0	0.193097034800315	0.0182841264809028	0.00604968460924895	0.00261983292895812	0.0493038447104356	0	0.0349298231045372	0.0137933391351158	0.0294615092083693	0.158483066701786	0.19898310092687	0.074313258828809	0	0.0659300433348104	0.0446947800605249	0	0.00649406748867206
GSM1337304_Control	0.056887207840617	0	0.039656446176214	0	0.104514071239054	0.0317935090160502	0.0608912329308726	0	0.00555285846400668	0.0607417804486826	0.0330787965821787	0	0.0129081399084197	0.207016063913426	0.0298053379499632	0.186354502792383	0.00131373187151083	0	0.143598335479559	0.0159091731892517	0	0.00997881219781122
GSM1337305_Control	0.0315060465448056	0	0.00570468607406602	0.089165174576436	0	0	0	0.00855541725776895	0.0416658828727915	0	0.00480942494125396	0.0157242467071011	0.0783476790362802	0.010802598585683	0.030881485646552	0.545820570865282	0.0237904470755625	0	0.104943956062962	0	0	0.00828238375345481
GSM1337306_Control	0.0304863109708878	0	0.0284683084578693	0	0	0.164474649584189	0.0124900168488428	0.0122465357946365	0.0131273972771066	0	0	0.0551206339455889	0.066267042348051	0	0.0562244240045045	0.304808630113668	0.0159587219748409	0	0.193848976757003	0	0.015920793377555	0.0305575585452577
GSM1337307_Control	0	0.0108366656466827	0.00107316474654036	0	0	0.0425673547227932	0.0176882227470252	0	0.0119189604354927	0.0403319894164811	0.0144404151542804	0	0.154845598003698	0.0457541441872792	0.00681809823002747	0.0565292693629641	0.0154392901013571	0	0.0431472311943754	0.00301389131030376	0	0.5355957047407
GSM1337308_Control	0	0.0624357907954351	0.0349544215837753	0.0152829576284178	0	0.0865059144564452	0.0459897277782205	0.023472819077647	0.00946457937045405	0.0412526781108529	0.0095358201012003	0	0.0644470928803582	0	0.0889661346612331	0.283421035004864	0.0294806197236657	0	0.0410394822247837	0.156759633940474	0	0.00699129266217257
GSM1337309_Control	0.0129930628027581	0.0046169762067176	0	0	0	0.117712756580022	0	0	0.0395884004477298	0	0.00615072805590309	0.001645329321604	0.051157619484153	0.0669560064560879	0.028771802337971	0.316444612681648	0.0407524082864039	0	0.313210297339002	0	0	0
GSM1337310_Control	0.00620969347798826	0.021885031800931	0.00422502072937532	0.0354114831965618	0	0.0104203440869879	0	0.0124154274530134	0.0387678195230886	0.00324491782334085	0	0.00300906875793427	0	0.314427791454389	0.0403243536756505	0.422334689041126	0.00482628968073824	0	0.073434042893447	0	0	0.00906402640542821
GSM1337311_Control	0.0260606291917182	0.0249543315009471	0.0167868085682977	0.0342267644002384	0	0.112872843572398	0	0.025393535147483	0.0126146043632108	0	0	0.022498910949061	0.0518682937492024	0	0.0326934454990897	0.408424650820226	0.0475809681226223	0	0.0854171318587949	0.0986070822567109	0	0
GSM1337312_Control	0	0.060502695330693	0.0112843569279003	0	0	0.167257289317913	0	0.0251405894195998	0.0117031638969698	0	0	0.0726158700325191	0.047471004398111	0	0.0342605494348059	0.380607504608544	0.0294474665626777	0	0.0230346406454052	0.126343139613364	0	0.0103317298114974
GSM1337313_Control	0	0.0104071627998377	0.0221549030436424	0.0250993063862995	0	0.105906997613108	0	0.0199045878930978	0.0123497922943738	0	0	0.0390448734340813	0.053528958690771	0.00552436563206601	0.0491121190027681	0.50826941959947	0.010396046926041	0	0	0.119326859785599	0	0.0189746068988444
GSM5176143_Treat	0	0.0760751706773707	0.049207265818512	0.0707205521126498	0	0.080036489585368	0.0214147015775506	0.00464417553188532	0.0191045077028342	0	0	0	0.0465953108096589	0.0853258557585583	0.0799034703700221	0.307348598534968	0.0291884433069794	0	0.0197807013709328	0.107581371659772	0	0.00307338518293765
GSM5176144_Treat	0.0271101651426777	0.0659151532158248	0.0424751644451587	0.0681305389521913	0.00268190037814523	0.0158617836612556	0.0170697557056915	0.0130506588493076	0.0219388029681946	0	0	0.0252588870076144	0.0694157135762116	0.0731570880120512	0.0681916417039049	0.403665391045057	0	0	0.0295624364660253	0.0494778986731966	0	0.00703702019749189
GSM5176145_Treat	0.00858068220751019	0.0793360802768106	0	0	0	0.137752894510217	0.0214805234197681	0.0197188824579328	0.00742855261205375	0.0548192291136501	0	0.000523257687183064	0.0369743772314079	0.0413604526196134	0.114886766781217	0.339622540201567	0.0316043609845002	0	0.083785456195944	0	0	0.0221259437006251
GSM5176146_Treat	0	0.0546957137002177	0.0695931487988737	0.0217107157239423	0	0.105005890691983	0.0643932580675504	0.0110523455814886	0.00444662639685218	0.0204839744514751	0	0	0.030360134155493	0.0294765638779763	0.0712192480599971	0.360274601468448	0.0399151043357117	0	0.071050195019556	0.00529459609405554	0.00409415713751063	0.036933726438869
GSM5176147_Treat	0.00960802701618714	0.0581181128039239	0.0282784373122392	0	0	0.170771405197674	0	0.0518679827755156	0.0232731476971005	0.00524961758702244	0	0.0607368350618194	0.0436594867208479	0.0751287346973401	0.0693331912974131	0.307918958798868	0.0192482323227482	0	0.0280574620966915	0.0398866091167702	0.00637556876599871	0.00248819073184026
GSM5176148_Treat	0	0.0104394230060471	0.0482035533456642	0.0379362663142262	0	0.149438658357281	0.0110974285600953	0.0782595619593379	0.0167448094632301	0.0392069112165015	0	0.0350384995075667	0.0502604841132808	0.0255332468727064	0.0718366803395297	0.279865770949105	0.0124741185571617	0	0.124639927055085	0	0	0.00902466038318152
GSM1332211_Treat	0.0204659201366836	0.0240623474852103	0.00740123047941425	0.0286879372413419	0	0	0.0226629281086559	0.0132306762187192	0.0300638328039059	0.0153596950641873	0.0225101825586561	0	0	0.247492885388999	0.0519545335282147	0.38745382787273	0	0	0.125625047890007	0	0	0.00302895522327506
GSM1332212_Treat	0.00229434981670808	0.0275056391556972	0.00236120751519867	0.00452286985285139	0	0.0122406730556447	0.00832558546140718	0.0220362689605957	0.0241305808515432	0.0321179572749298	0	0	0	0.262678552359824	0.0208361623812974	0.387735492816651	0.00661751871337609	0	0.183058804872144	0	0	0.003538336912132
GSM1332213_Treat	0.035653204277857	0	0.0590131870386	0.0774772678427167	0	0	0.0370893362243313	0.028475083274983	0.0430887265232983	0	0	0.0269225267764215	0.0710911154403941	0.0310692840354925	0.0314494444567954	0.397896912122657	0.0255859759007664	0	0.135187936085687	0	0	0
GSM1332214_Treat	0	0.046723671452333	0.0117525697259463	0.0250362200030276	0	0.0652992220248299	0	0.0180547303952089	0.011956165000205	0.0191775688109331	0	0.0167562259810823	0.0360437260339534	0.201016031362476	0.0491203779744707	0.348242577938948	0	0	0.145208041492667	0.00561287180391812	0	0
GSM1332215_Treat	0	0.08063825320227	0.0623240942095046	0.000975576615727054	0	0.0503329949309524	0.0194039064762031	0	0.00395334701334794	0.0404275640199482	0	0	0.115801795733814	0.0553524648380925	0.0255966332802802	0.278529383996987	0.0153611776539839	0	0.25130280802889	0	0	0
GSM1332216_Treat	0.00435222143363481	0.0256714303346202	0	0.0373310203321205	0	0.0521629434819358	0.0273156610616543	0.00153791083956073	0.0126615331418551	0	0	0.0154769517417711	0.107954151037552	0	0.0720245231292848	0.319706408918839	0.0367039645672328	0	0.284432529942202	0	0	0.00266875003773748
GSM1332217_Treat	0	0.0651552925465355	0.0606708304497049	0	0	0.0186829997050019	0	0	0.0424963697934979	0.0280674555738292	0.01289359191083	0	0	0.22499974939025	0.0496172707128299	0.317946668071095	0	0	0.168773403302251	0	0	0.0106963685441755
GSM1332218_Treat	0.0142526634622706	0.0179964600214453	0.0406012360791389	0.026122999010183	0	0.0148036667715158	0.0017994093169922	0.00228430029450691	0.0231160984850226	0	0.00255673458997098	0.00177601911612786	0	0.036224613337276	0.0399452865579031	0.608935728778607	0.0140101165739632	0	0.106161503572111	0	0	0.0494131640329655
GSM1332219_Treat	0	0.103318851294239	0.0353059434645522	0.013771513616867	0	0.0742907773368398	0	0.0133610378369143	0.0409182472527704	0	0.0118626243951528	0	0.016895540471867	0.00443431760323986	0.0452167801883674	0.312204127170764	0.0388151706494077	0	0.269526871611293	0	0	0.0200781971077248
GSM1332220_Treat	0	0.0953174314355906	0.146031005837122	0.0347645967520733	0	0.0710854712926549	0	0	0.0490856454209878	0.00249112192173016	0	0	0.00816061523388304	0	0.0592385465000748	0.325055478877445	0.0600000987247778	0	0.138401033467902	0	0	0.0103689545357579
GSM1337327_Treat	0	0.0782491559606533	0.0291333367063648	0	0	0.0866778659571956	0	0.028814551574595	0.0266815144710615	0.010694500960723	0	0.0170669311116186	0	0.0302491779229092	0.0661216491721641	0.395727620329921	0.0159362130833677	0	0.18743845727098	0	0	0.0272090254784456
GSM1337328_Treat	0.0163191730453358	0.0441674546488597	0	0.000618255093875829	0	0.0613321759816099	0	0.0300705990220607	0.0112652639250712	0.0232916759320274	0	0.0253163392220399	0.0707465226207639	0.0502140226561955	0.0572020238976269	0.448405530686707	0.0349685110270119	0	0.125011223313292	0	0	0.00107122892752257
GSM1337329_Treat	0.00929129359507054	0.0353645934124316	0.0872519942959978	0.0524464111482253	0	0.0525067109283979	0.00199011009785492	0	0.045717503722364	0.003823196721606	0	0.010435157545666	0.0709015370418928	0	0.0408244705031048	0.302217653935978	0.0363965887026494	0	0.247440120300093	0	0	0.00339265804866803
GSM1337330_Treat	0.015867987147296	0.102010811514438	0.127081313806775	0.0748202502022086	0	0.0371175952679812	0.00458606980120411	0.0620715776341927	0.0122700854306213	0.0245276110827866	0	0.0111991125736549	0.0127796348614788	0.0647301838147783	0.0363301393828568	0.208996912458132	0.0208057723337476	0	0.184699159612692	0	0	0.000105783075156149
GSM1337331_Treat	0	0.068045213458895	0.0181312007986296	0	0	0.0469513429539407	0.0218711369266749	0	0.0392448729464026	0.0414926383429416	0	0	0.00209947758067162	0	0.050866103393303	0.292518156247081	0.0590061786449107	0	0.359773678706549	0	0	0
GSM1337332_Treat	0.0408825409580202	0	0	0.0101109693862827	0	0.0643889656937508	0.00235273420652376	0.000650674087216575	0	0	0	0.0275112709361508	0.0430499787900235	0.00341514731588938	0.0336757118360235	0.54273913584313	0.00769696566276255	0	0.148542923151553	0	0	0.0749829821326727
GSM1337333_Treat	0	0.105586183112046	0.0412050046113375	0.0214022119911052	0	0.0118515951061119	0.00317596430442401	0.0140792542668345	0.0154452378886794	0.0351737005315393	0	0.0334572170675863	0.0328688589375091	0	0.0367796435362228	0.3801071030015	0.0333103708293002	0	0.216182529551723	0	0	0.0193751252640808
GSM1337334_Treat	0	0.0477940533052069	0.0249286295108059	0	0	0.0534361851339502	0.00242401101058824	0.0271883575664141	0.0327772687255023	0.0083645609909194	0	0.0121559089844489	0.0527236359791805	0.113075289777573	0.0369955418984786	0.38394180556475	0.025231223238019	0	0.156947722081588	0.000434069014734923	0	0.0215817372178401
GSM1337335_Treat	0.0349998573389882	0.00836557063537191	0.0155984366317935	0	0	0.0437878953790122	0.00557804248457507	0.0163260353549216	0.0180947419725455	0.0625410152662731	0	0.0276866658664147	0	0.105097141037891	0.0403342763212322	0.352990327407921	0.0284647178057962	0	0.230721153424439	0	0	0.00941412307282419
GSM1337336_Treat	0.0233158942848419	0.0113205582257126	0.00567344805214511	0.0224229907047446	0	0.0332543153970503	0	0.0103138475117893	0.0280323544951475	0	0.016172284518946	0	0.0667640560058292	0.080437743224617	0.0322222309034118	0.555340364769331	0.0104105961480698	0	0.0975621200027913	0	0	0.0067571957555724
GSM1339633_Treat	0.0154594527799438	0.000624393973301108	0	0.0130273192773548	0	0.0497321583529793	0	0.00523309647245337	0.0104162584112063	0.0168312452938597	0	0.0326944518718332	0.0931675428241296	0.00601003407065942	0.0218385867142023	0.4887361552156	0.042607052995084	0	0.182582756405625	0	0	0.0210394953417676
GSM1339631_Treat	0	0.110596933754088	0.0345276013579851	0.00322933010960097	0	0	0	0	0.0260728762288685	0	0.0366333813885465	0.00688237839196032	0.0317282591271186	0.167037774587392	0.0378647423036835	0.262123414813757	0	0	0.282175180432384	0	0	0.00112812750461617
GSM1339630_Treat	0.0237817003143672	0.0101309710427863	0	0	0	0.0102501040632917	0.00133502787506773	0.0032790965050851	0.0363355992447174	0.00694511657620374	0.000938065334456437	0	0	0.265159373358006	0.0233213475814536	0.488779293736103	0.0052156585394908	0	0.124528645828971	0	0	0
GSM1339629_Treat	0.00221266923850561	0.0515351537214327	0.00498128628799964	0.0329885837581349	0	0.0422089832046332	0.0169654675699026	0	0.0456419548362931	0	0	0.0079891094950942	0.00186313134855725	0.0894861046503702	0.042073942281146	0.317293034783605	0.0415943948402175	0	0.290807066195228	0	0	0.0123591177888798
GSM1339628_Treat	0.0606675852488048	0.0279856532867593	0.178137892999732	0.0456983053884985	0	0.0926667590702482	0	0.0179379435080666	0.0142448468006214	0	0	0.02739863864986	0.0149927392392459	0	0.0289743838184897	0.323008224537916	0.00151318848856154	0	0.137276596489564	0.0136882108313161	0	0.015809031642316
