ID	GSM5176138_Control	GSM5176139_Control	GSM5176140_Control	GSM5176141_Control	GSM5176142_Control	GSM1332201_Control	GSM1332202_Control	GSM1332203_Control	GSM1332204_Control	GSM1332205_Control	GSM1332206_Control	GSM1332207_Control	GSM1332208_Control	GSM1332209_Control	GSM1332210_Control	GSM1337304_Control	GSM1337305_Control	GSM1337306_Control	GSM1337307_Control	GSM1337308_Control	GSM1337309_Control	GSM1337310_Control	GSM1337311_Control	GSM1337312_Control	GSM1337313_Control	GSM5176143_Treat	GSM5176144_Treat	GSM5176145_Treat	GSM5176146_Treat	GSM5176147_Treat	GSM5176148_Treat	GSM1332211_Treat	GSM1332212_Treat	GSM1332213_Treat	GSM1332214_Treat	GSM1332215_Treat	GSM1332216_Treat	GSM1332217_Treat	GSM1332218_Treat	GSM1332219_Treat	GSM1332220_Treat	GSM1337327_Treat	GSM1337328_Treat	GSM1337329_Treat	GSM1337330_Treat	GSM1337331_Treat	GSM1337332_Treat	GSM1337333_Treat	GSM1337334_Treat	GSM1337335_Treat	GSM1337336_Treat	GSM1339633_Treat	GSM1339632_Treat	GSM1339631_Treat	GSM1339630_Treat	GSM1339629_Treat	GSM1339628_Treat
ALDH3A2	9.591424	9.75256	9.366624	9.263815	9.191174	9.427947	9.096737	9.255062	8.635415	8.848412	9.013317	8.205383	8.390005	8.859479	9.037885	8.318198	9.145821	9.576785	8.074214	8.516527	9.515313	9.268084	9.610055	9.655634	9.503254	8.752238	8.804471	9.472146	8.886852	8.688281	8.954682	9.189659	9.625893	9.839603	9.629834	9.826136	10.012655	9.367517	9.5055	9.906432	9.861464	9.818077	9.393224	9.562368	9.515313	9.958762	9.140007	9.501707	9.265497	9.517377	9.225987	9.520842	9.792009	9.602527	9.95931	9.854719	9.205134
ATF3	8.562676	10.769939	9.984473	8.516963	10.215584	9.86814	10.356382	10.538258	10.490325	11.949365	11.539129	10.982119	11.075171	9.979181	10.617038	10.150255	8.806297	8.391091	9.727542	10.830484	8.758463	7.246004	11.299525	11.476109	12.004247	9.521831	8.139748	7.831741	8.132051	8.249379	8.203811	8.996393	8.253047	7.768776	9.869398	7.392844	8.087809	7.704264	7.793892	7.651721	7.640839	8.344187	7.887313	8.020234	8.439054	7.991269	7.53765	8.323815	8.341725	8.160954	6.987319	7.626309	11.855793	6.933942	8.444676	7.506659	7.782406
ATG16L1	5.077732	4.86379	5.159731	5.673838	5.178041	4.611977	5.187259	5.130528	6.845846	6.376618	4.322672	5.633844	6.149104	3.707648	4.720244	5.687833	6.002111	5.494348	5.695851	4.161534	3.925502	5.3208	5.723343	5.768899	5.714809	5.839959	5.629182	3.268184	5.174274	5.4141	2.507874	5.963053	4.476987	3.17003	5.422247	5.651841	3.635477	4.391095	2.851548	3.756999	4.812306	3.025361	4.318567	4.261974	5.677501	4.745828	4.244927	5.258028	3.538573	2.982136	6.066029	5.266356	5.941286	5.567947	4.587248	4.708259	3.171935
BRD2	9.990473	10.189948	9.8654	10.003782	9.724538	9.389629	10.018773	10.624889	10.23653	10.715402	10.1002	10.170902	10.339285	10.114435	10.176814	9.872833	9.883478	9.408674	10.16859	9.913239	10.467022	10.375829	10.63467	10.720007	10.215691	9.716876	10.180314	9.615028	9.590413	9.055629	9.528699	10.043609	9.658696	9.07189	9.284991	9.38499	9.413617	8.879233	9.451933	9.640136	10.093841	9.829725	9.553403	9.472939	9.288558	9.146481	9.413555	9.215307	9.202447	9.341966	10.16954	9.309012	9.601651	9.930172	10.174579	9.846917	10.162123
BRD4	9.445926	8.768002	8.471832	8.833244	8.974148	8.217606	8.96674	8.55434	9.057091	10.067788	9.014154	9.615976	10.283464	9.537619	9.672263	8.838959	8.761402	8.613449	9.220283	9.352371	9.812553	9.807115	10.024065	10.034292	9.483878	8.88723	9.357785	8.541745	8.371235	8.336006	8.878403	9.037482	8.442839	8.203193	8.086611	8.069126	8.117308	7.503614	9.045253	8.638875	8.930598	8.49102	8.486565	8.310712	7.935654	8.371954	8.933489	8.472392	8.139944	8.192004	9.560467	9.116244	9.028315	9.652373	8.556078	9.324839	9.123696
CDKN1A	9.599872	10.579252	10.27784	10.134931	10.701711	9.460664	10.886683	10.782749	11.266645	11.220013	11.01311	10.917717	11.524502	10.567802	10.264889	10.519307	8.96517	9.408067	11.841931	11.54282	9.909875	8.886947	10.64886	10.715299	11.506801	9.607717	8.776165	8.347871	9.454326	8.988882	8.706453	8.680258	8.556802	8.50672	9.006386	9.120325	8.333456	9.385521	9.308189	9.00143	8.571511	9.156831	9.011532	9.124993	9.446347	8.081966	8.804468	8.913197	8.743877	9.421475	9.149431	8.63404	8.990449	10.606046	8.780357	9.380041	9.583151
CDKN2A	7.021208	6.054128	6.64969	6.820391	5.618596	6.172912	5.959606	6.674885	5.124664	6.40306	6.684825	6.690922	6.909652	6.539225	6.896056	5.973537	6.402676	6.094193	6.691686	6.480002	7.086235	6.678957	6.280913	6.048347	6.090329	6.991475	6.294193	7.062697	6.937219	6.571564	7.077259	6.438815	6.60195	6.717981	6.217306	6.806447	6.899703	6.921729	6.705999	6.91644	7.050075	6.565852	6.571324	6.753071	7.165451	6.491188	6.969637	6.871738	7.251891	7.875986	6.836351	6.697377	6.245797	7.274677	6.403765	6.387912	6.968993
CYB5R1	10.079699	10.074614	9.953958	10.210104	9.972008	10.28554	10.363218	10.211051	10.077985	9.610551	9.792613	9.23856	9.59705	10.302745	9.946636	8.895653	10.219587	9.742468	9.687133	9.726591	10.117507	10.075514	10.019374	10.012385	10.106768	10.083597	9.702525	10.583508	10.003294	10.047348	9.869382	9.874707	10.226011	10.681827	10.410899	10.508359	10.620957	10.27986	10.144167	10.463224	10.396388	10.946311	10.218017	10.52152	10.497945	10.38558	10.556089	10.346618	10.524357	10.22166	10.052331	10.35564	10.521832	9.937687	10.497163	10.525728	10.475714
DAZAP1	8.388372	8.11021	7.959478	8.221711	8.139363	8.168248	7.897911	7.801377	8.566782	8.665698	7.652229	8.76629	8.776512	8.665473	8.09876	8.749396	8.364299	8.652582	9.167673	8.999413	7.877991	7.967741	7.914665	8.317796	8.193612	8.519744	7.288301	7.760326	8.045449	8.162242	8.204367	8.063837	7.697309	8.16358	7.57849	8.040128	7.601525	7.752012	7.676062	7.804174	7.960445	7.626425	7.732643	7.987434	8.006912	7.652711	7.910192	7.715373	8.082602	7.722281	8.021199	7.891836	7.486222	8.155407	8.044963	7.850641	8.397172
DDR2	9.825818	9.152443	9.112417	8.969819	9.017768	9.275692	10.773802	10.38716	9.296581	9.438611	9.347046	9.473805	9.877803	9.697099	10.174172	9.381809	10.008129	10.321371	9.178841	9.333201	10.076295	10.105965	10.365863	10.30405	10.098651	9.714061	10.102345	9.695739	8.408039	8.843814	9.03841	9.641735	9.562014	8.985995	9.72589	9.437313	9.349553	7.63547	8.887723	9.775625	10.087761	9.233824	8.918461	9.584602	8.155228	9.406151	8.501114	8.617965	8.323086	9.154443	9.593939	9.650226	9.640322	10.271818	10.155193	10.242107	9.063479
EGFR	7.647917	7.617737	7.164769	7.258339	6.738076	7.018891	8.301961	8.343013	8.228701	7.889185	8.256479	7.650538	7.995283	8.137026	7.812864	6.885382	7.897592	7.921055	7.384826	7.745039	8.771123	7.580261	7.86334	7.990965	7.364422	7.252656	7.59794	7.627329	6.978294	7.21746	6.904513	7.264922	7.365328	7.485364	7.707272	7.357465	6.879187	6.228283	6.768941	7.149019	7.611719	7.097264	7.290289	7.712947	6.85253	7.820156	7.365511	7.219946	7.240523	7.352096	7.419279	7.290929	7.717865	8.273179	8.166892	7.962608	7.057897
FURIN	8.893375	8.256367	8.276191	8.544369	8.847201	7.730047	8.25081	8.820762	8.615424	8.911062	8.29323	8.322788	9.252298	9.223495	8.341178	8.513282	8.507763	7.720747	9.184126	8.550757	8.747051	8.623444	8.904949	8.865206	9.006204	7.993765	8.496084	7.840595	8.105423	8.175424	7.511606	7.723467	8.121641	8.112551	7.782556	7.762383	7.432365	8.786363	8.163984	8.073784	8.75806	8.287916	8.073555	8.236415	7.58427	7.495489	8.623729	7.098109	8.374797	7.973042	8.661597	7.597731	7.388541	8.329717	8.732636	8.481459	8.666205
FZD7	8.084006	8.066891	8.078702	8.4509	8.157947	8.155251	8.005917	8.228988	9.17894	9.246124	9.069211	7.961536	7.897753	9.067343	8.569422	8.641599	8.820257	8.609698	6.886198	7.794005	8.981464	8.58287	8.831976	8.70836	8.400759	8.773166	9.104502	8.680988	9.468046	9.49548	9.325581	9.152071	9.66053	8.98672	8.949221	9.222189	9.020808	9.215216	9.157334	9.964964	8.948713	9.282984	9.018382	9.439064	9.045699	9.06008	9.00061	8.470975	9.629534	9.185156	8.963591	8.557875	9.538237	8.978678	9.457404	9.656428	8.88218
GABARAPL2	11.193846	11.365698	11.319032	11.331068	11.14503	11.421958	11.152297	11.38146	10.825423	11.234792	11.480367	11.221612	10.933294	11.355282	10.98638	11.442967	11.457769	11.110208	10.952214	11.248786	11.575029	11.380327	11.467453	11.467453	11.330188	11.448892	11.425804	12.010006	11.662775	11.809138	11.531679	11.343387	11.67231	11.914195	11.537604	11.749328	11.717975	11.65549	11.658644	11.498829	11.29714	11.599865	11.735259	11.935148	11.645882	11.716081	11.558225	11.876506	11.431249	11.524406	11.579334	11.65908	11.529281	11.794148	11.685218	11.519411	11.608257
GLRX5	8.860245	7.534251	8.461947	9.061754	7.873108	9.592617	8.751655	8.538349	9.164366	8.795534	9.040436	8.542677	7.357469	8.335942	8.4749	8.045456	7.916757	8.437107	8.167645	7.863016	9.155081	9.315317	8.965606	8.451076	8.917336	9.112201	9.079695	9.168221	9.344647	7.840446	9.020072	8.371107	9.229469	10.011003	9.082263	9.338833	8.738314	9.114201	8.646924	8.781335	7.695112	8.853709	9.002135	9.220027	9.735454	9.636726	9.532144	9.418454	8.780983	8.843286	9.020889	8.81811	8.611903	9.091738	8.651346	8.674474	9.321691
GSTZ1	5.119545	7.071796	4.489852	4.045655	4.9785	4.276521	4.181479	5.471631	4.320662	5.758395	6.500646	5.077053	4.527996	7.357516	4.302842	2.915311	6.287626	4.810342	3.408658	3.660956	6.263908	6.278432	5.886439	6.378966	4.902695	4.624822	4.389349	6.369362	7.062617	5.919713	7.216087	4.749454	6.007121	7.66338	5.722219	5.644048	7.617613	7.192738	6.328147	5.4174	5.773616	5.27756	6.611232	6.61932	6.8884	5.763492	7.085908	7.234552	5.647236	5.431231	6.125172	7.055258	4.737821	6.522348	4.41922	5.626941	6.29132
HSPA5	11.517801	12.910331	11.673285	11.587195	11.717523	12.530541	12.319228	11.040897	12.311573	12.329141	11.809688	12.595692	12.569535	11.069035	11.471827	11.609799	11.5128	11.510324	12.625876	13.129906	11.8811	11.428176	11.30774	11.672588	10.967641	11.688401	11.072192	11.650414	11.5559	11.473031	11.358795	11.262803	11.244557	11.748914	11.203645	11.172932	10.955467	11.706868	11.317255	11.551507	10.969558	11.641424	11.812651	11.341434	11.017055	10.440849	11.736595	10.581433	11.544544	11.623591	11.395749	11.07473	11.090151	11.600938	11.092064	11.009053	11.877201
IL1B	7.897666	6.313097	6.987109	7.183116	6.690101	8.427346	8.310394	8.058646	8.461543	8.836165	8.90976	8.127635	8.671073	7.054349	7.832168	8.306013	6.521536	6.279424	10.044031	8.374837	6.013847	6.166289	8.591178	9.118224	8.740819	9.539444	7.939941	7.534904	7.478034	7.722654	6.439297	7.220261	7.113331	5.768799	6.645416	6.144954	6.92893	6.776735	6.658045	6.674247	7.235214	7.145848	6.893631	7.177511	6.535816	6.594202	6.629742	7.324447	7.214242	6.717516	7.00109	6.778342	8.081466	6.384203	5.91151	6.448291	6.758438
IL6	7.256393	8.318321	7.597422	7.246511	7.592361	7.93529	8.849418	7.289367	9.64688	10.332791	10.193702	11.955819	12.689835	7.625192	7.254836	9.890064	6.473767	6.566287	11.739895	11.035429	6.660609	5.150157	9.81715	9.49609	11.688978	12.321551	7.530384	6.060491	7.642393	7.955535	6.978537	7.120372	6.010508	6.905996	8.444457	6.285751	5.823744	6.754384	7.647574	5.654385	6.519152	7.582642	6.330483	6.410898	6.420244	6.29962	7.896385	6.641257	6.105411	7.46489	6.02618	7.258385	9.84916	5.179221	5.93422	7.216384	6.5876
MEF2C	7.729639	8.7269	8.807753	8.816486	8.476125	8.100338	8.3097	8.775619	8.577576	8.671444	8.733855	8.021863	8.088184	8.426043	8.164533	8.841457	8.978767	9.057016	7.155845	7.642756	8.425248	9.168048	9.179196	9.176853	8.869143	8.49787	9.022056	9.237394	8.805681	9.437452	8.748297	9.047677	9.09946	8.780562	9.264185	9.353558	9.090614	8.420931	8.340604	8.753591	8.894168	8.975212	8.69615	9.200734	8.499672	8.697295	8.811427	8.292183	8.524618	8.86645	9.248549	8.69624	8.737231	9.023532	8.655667	8.066286	9.296541
MEG3	7.20126	7.430344	7.631634	7.746232	7.715056	7.223472	7.617204	8.217541	8.586711	7.435852	7.169177	6.449749	8.996821	7.489505	6.768489	8.979031	7.733092	7.897056	8.765074	7.942493	7.22277	7.648321	8.462991	8.738884	8.679576	7.330465	7.223943	6.491568	6.89354	7.231043	7.129778	8.365803	7.882721	7.79429	7.550352	7.936306	7.335239	7.580342	7.154441	7.451455	7.595008	7.070579	7.064832	6.971767	7.045377	6.134643	6.754883	7.031312	5.94351	6.659488	7.903011	8.465383	7.096846	8.44811	7.287671	5.492546	7.283163
MTDH	9.730795	9.65301	9.488831	9.674951	9.546099	9.177969	9.962456	9.290993	9.64261	10.030724	10.29208	9.585583	9.672938	9.99752	9.795445	9.905584	9.706466	9.59464	9.685	10.090537	10.113839	10.214935	9.988434	9.927239	9.816166	10.007871	10.128814	9.910153	9.700375	9.822385	9.801904	9.948451	9.770555	9.176352	9.575004	9.415478	9.486825	9.607172	9.875014	9.577619	9.904242	9.66011	9.680716	9.157429	9.123072	9.405851	9.559375	9.134871	9.517314	9.39589	9.806697	9.646483	9.777691	9.60297	9.447849	9.581076	9.877377
NDRG1	12.206639	11.858833	11.57453	11.798582	11.842379	10.941424	11.451965	11.837282	12.014541	12.05924	10.92704	12.480594	12.767051	11.779335	11.025268	11.55918	11.350454	11.672729	12.075806	11.495534	10.724565	10.995857	10.931575	10.981752	11.472619	11.006661	10.980035	10.813447	11.179819	10.882463	10.947192	10.870775	10.852816	10.935064	11.106372	10.851021	11.300919	11.265101	11.169302	11.228907	11.192422	11.226776	11.73572	11.140812	10.741447	11.483747	11.580686	10.095585	11.13361	10.956949	11.24024	10.90121	11.22223	11.439235	10.975219	11.926101	10.665608
PARK7	12.115804	12.182626	12.034185	11.915777	11.939526	12.562398	11.900973	11.92978	12.43926	11.548804	11.780594	11.843797	11.843797	11.884613	11.898128	11.994665	11.824374	12.320808	11.900878	11.912161	11.857338	11.69762	11.679515	11.686097	11.632973	12.151321	11.933175	12.357311	11.860145	12.133268	12.157457	12.252609	11.982682	11.904587	12.34192	12.166241	12.329619	12.077459	11.70226	12.288323	12.060954	12.367202	12.17182	11.947174	12.381269	12.344422	12.087155	12.591338	11.99031	12.204826	11.808059	12.37261	11.913923	11.966584	12.020668	12.043584	11.936051
PARP6	9.732503	9.389	9.364082	9.450021	9.742394	8.946122	9.756516	9.6083	9.287663	9.895859	9.365421	9.671865	9.776609	9.416244	9.328197	9.553808	9.281814	9.247326	9.457405	9.552467	9.278879	8.969691	9.763665	9.785604	9.665566	9.279521	9.461103	8.93215	9.315118	9.12713	8.838876	9.598565	9.016203	9.113248	9.046534	9.186389	9.111987	9.040422	9.175745	9.103058	9.36201	8.942539	9.023699	8.821213	9.086676	9.097278	8.88398	9.378461	9.078488	9.051884	9.613442	9.326653	9.098827	9.114152	9.174981	9.059434	9.026183
PEX2	9.041529	8.932311	8.929123	8.870742	8.858218	8.670561	8.859581	8.463039	8.475301	8.514225	8.851365	8.106824	8.030212	8.410129	8.431967	8.324763	8.77921	8.459229	7.936771	8.080035	9.249436	8.403983	8.928131	8.836594	8.701906	8.972384	8.013746	9.091353	8.946942	8.918039	8.740448	8.845611	9.491815	8.618831	8.971736	9.386941	9.048879	8.904992	9.138914	8.899201	9.314031	9.068164	8.666811	9.505311	9.639167	9.593629	9.455266	9.455266	9.103655	9.008974	8.81351	9.476545	9.432066	8.732131	8.790628	8.423561	8.939221
PGRMC1	9.982983	9.955679	9.790973	9.5553	9.607831	10.359001	9.905316	10.064449	9.98737	10.014131	10.034541	10.26825	9.712668	9.975625	9.731286	9.928444	9.848358	10.989754	9.621251	10.100582	10.219133	9.938298	9.517961	9.726278	9.851671	10.206905	9.850812	10.483696	10.400431	10.490139	10.280584	9.725333	10.364173	11.038128	10.355461	10.479557	10.571394	10.128903	10.152441	9.98107	10.128903	10.008946	10.072651	10.403437	10.153173	10.432394	10.447601	10.60679	10.118963	10.366692	9.924074	10.18818	10.377822	10.073768	10.328533	10.277081	10.254715
PTGS2	6.93313	6.467828	6.112694	5.203568	6.416552	7.843737	8.049649	8.11172	8.492598	8.751114	8.501753	9.310628	10.995332	7.520769	7.369617	7.699638	5.932633	6.001184	9.700661	8.645097	5.006634	4.9075	9.079228	8.965536	8.643935	9.980787	6.351758	5.792497	7.067435	6.492843	6.312281	6.392953	5.714691	5.399231	7.678906	5.798323	5.978844	5.369843	4.859897	5.699676	3.945432	6.563761	5.596774	6.122832	5.309807	6.278086	6.264031	2.509857	6.795909	5.781376	4.927682	5.604206	9.380319	5.937255	5.25544	6.190778	6.657803
RBMS1	11.31256	10.457124	10.720843	10.657695	10.505334	10.934963	11.085258	10.94388	10.918755	11.313956	11.254912	11.369162	11.283532	10.924217	11.170514	11.192061	11.165741	10.591125	11.383709	11.441752	10.800412	10.951142	11.097848	11.032116	11.17831	11.186727	10.921808	10.690652	10.927241	10.778406	10.917835	10.556199	10.869822	10.36595	10.453695	10.76643	10.354061	11.109703	10.891034	10.953417	10.842025	10.934249	11.004824	11.471058	10.260716	10.674675	10.993888	9.761993	10.793098	11.029473	10.876519	10.94362	11.152237	10.49689	11.084183	11.090236	10.924536
RELA	9.952186	9.981063	10.062482	9.665427	10.145658	9.085766	9.952779	9.753451	9.741911	10.372302	9.570487	10.269157	10.339631	9.994227	9.999457	9.79192	9.489672	9.013781	9.919875	9.57848	9.61568	9.256165	9.865694	9.61568	9.898354	9.824624	9.587217	9.319734	9.349124	9.133819	9.1995	9.137463	9.397394	9.108294	9.301117	9.368506	9.539434	9.600756	9.486946	9.515303	9.872159	9.473486	9.661784	9.694615	9.356191	9.671157	9.44576	8.981359	9.885957	9.654667	9.569468	8.9507	9.474322	9.603886	9.696567	9.783024	9.259174
SCP2	9.607719	9.959243	9.964059	9.885645	9.603733	10.004322	9.669867	9.590777	9.856131	9.40585	10.224879	9.726473	9.265146	10.108236	9.862086	10.32189	10.230377	10.686373	9.342108	9.955518	9.722005	9.989431	9.712705	9.684375	9.849859	9.96586	9.914689	10.222517	10.442585	10.391573	10.427719	9.957189	10.388458	10.28974	10.257032	10.472088	10.439235	10.427646	10.369619	10.17837	10.154576	10.177934	10.142977	10.149353	10.258321	10.319091	10.147887	10.651238	10.310909	10.297034	9.983679	10.61608	10.295167	9.969499	10.172098	10.268543	10.08648
SLC25A28	9.330414	9.091057	8.548657	8.921972	9.148901	8.219492	8.849997	8.664736	8.724367	9.271243	8.150146	9.631347	9.105626	8.914717	9.376517	9.162031	8.657571	8.791301	9.173712	9.351822	8.741488	8.014102	8.523068	8.211794	8.806228	8.311132	8.47017	7.988874	8.206734	7.913603	8.082467	8.156235	7.837588	8.212467	7.817634	8.382168	7.505179	8.654177	8.416962	8.41836	8.447289	8.091697	7.61432	8.556519	8.752263	8.118186	8.514551	8.636122	8.019674	8.160611	8.130339	7.944208	8.46196	8.653045	8.374823	8.378354	8.448861
SLC39A14	11.920136	12.826368	11.939535	12.067734	12.223241	12.747652	12.538156	12.077585	12.863684	12.716536	11.652394	12.632345	12.363783	12.222682	12.207646	11.061681	12.102449	11.71609	12.916849	13.027535	11.985625	10.226013	10.59342	10.821227	11.971565	11.549563	10.614946	11.242151	11.357799	11.047473	10.834131	10.7065	10.940151	10.179604	10.86732	10.885625	11.227847	12.017402	10.703709	10.529862	10.315283	11.852179	11.872319	11.184923	10.204412	10.247099	12.175046	9.670156	11.512016	10.847372	11.789932	11.89874	11.960555	10.620792	11.818667	11.089076	10.671899
SNX5	9.839991	9.796874	9.723605	9.858592	9.591768	9.471236	9.619589	9.682558	9.261619	9.052314	9.189608	9.311847	9.213908	9.334416	9.213318	9.957246	9.616726	9.803712	9.245753	9.206642	9.581079	9.67409	9.816676	9.686038	9.881427	9.40532	9.229589	9.88383	9.591768	9.604242	9.732952	9.43213	10.015802	9.739352	9.804309	10.065255	9.830436	9.908891	9.99295	10.072716	9.773726	9.592577	9.679325	9.80484	10.070994	10.078096	9.68819	9.918358	9.581079	9.851753	9.957246	10.23577	9.810146	9.976582	9.427965	9.555878	10.037337
SOCS1	5.825784	5.320759	5.807774	5.492405	5.701443	4.998351	5.680696	5.411454	5.561051	6.12172	5.919645	6.258345	6.298721	5.917865	7.002873	6.044751	5.511447	5.968335	5.795625	5.494462	6.047055	5.10393	6.371098	5.878481	5.434125	5.977647	5.355928	5.978867	5.01501	5.745393	5.623771	4.925653	5.655173	5.552369	4.693925	5.081776	4.990344	5.776838	5.595555	5.475933	5.073551	5.539738	5.198404	5.453066	4.751729	5.131916	5.680471	5.213	5.308568	5.663988	4.792038	5.254983	5.252774	5.051359	5.598385	4.66322	5.254983
TBK1	9.131257	9.003505	9.189008	8.740401	9.353726	8.447793	9.118839	8.751178	9.238163	9.577077	9.311272	9.429037	9.230874	9.4469	8.929475	9.084453	9.001366	9.0183	9.439441	9.453879	9.060416	8.956747	8.642131	8.876359	8.897481	8.78536	9.106585	8.529972	8.992336	9.134913	8.667487	8.90016	8.716287	8.475486	8.584405	8.783497	8.589604	9.088729	9.092626	8.889953	8.896873	8.691369	8.935963	8.508876	8.552048	8.604381	8.812879	8.663907	8.876942	8.797056	8.900981	8.934302	8.919869	8.649946	8.669297	8.593782	8.703024
TFRC	8.326582	9.775909	9.687723	9.508402	10.087795	9.829214	9.936553	8.977595	10.843769	10.537256	9.612105	11.011738	11.121142	9.142939	9.855517	10.019274	8.328755	9.291113	11.00261	11.348939	9.577107	9.680989	8.974206	8.64754	10.477209	10.706548	9.848912	10.566701	10.270596	9.838475	10.01963	8.736487	8.976754	8.605427	9.525672	8.501948	8.738873	9.503825	8.941067	8.135612	7.635965	9.797342	8.81592	8.32116	8.467896	8.708776	10.52037	8.053459	9.697952	8.420082	9.451565	8.854725	8.605878	9.342453	9.349931	9.042578	8.709057
TNFAIP3	9.331356	8.791885	9.43369	9.075744	8.862994	9.135229	10.320588	9.732138	11.042848	10.37915	9.989816	11.36413	9.9003	9.134018	9.831045	9.678593	8.500459	8.486762	8.713812	10.798099	8.91373	8.79104	9.888826	10.006415	9.820967	10.963407	9.239949	8.814638	8.481636	9.141402	8.700089	8.435914	8.210922	7.995879	8.532266	7.965523	7.836994	8.228633	8.256558	8.19152	8.128254	8.591424	8.636781	8.238854	8.266911	8.141203	7.976423	7.956457	8.24047	8.352098	8.490123	7.900918	8.352801	8.257557	8.136299	7.996589	8.843921
ULK1	7.560671	7.705634	7.314813	5.932446	7.880292	6.225276	7.65616	7.662729	7.775764	7.973649	7.088085	6.914682	7.388766	7.895194	7.305792	6.669998	6.997204	7.351854	6.478465	6.112766	7.009271	7.044153	8.10036	8.132142	6.903429	6.162808	5.689752	6.884355	6.538746	7.131839	6.948312	6.695506	6.070429	6.605922	7.19921	7.057965	7.04574	7.343629	6.586712	6.842413	7.052127	6.201633	7.281847	7.488449	6.107912	7.091659	6.869705	6.092505	6.742824	6.590947	7.535834	5.691357	7.482217	7.806605	7.476989	6.564185	6.591403
ZFP36	10.992716	13.370511	11.897338	10.872775	11.830051	11.657713	11.932196	12.260983	12.424849	12.89289	13.056444	13.006806	12.768559	12.474021	12.278926	12.309842	11.007404	11.813683	11.924308	13.015029	11.451982	10.146576	13.015029	13.036941	12.755942	10.996044	10.971562	10.396197	10.528261	10.467665	10.571136	10.804515	10.821682	10.428621	11.694645	10.379069	9.871581	10.222466	10.584355	10.326288	9.399204	11.239572	10.949817	10.252884	10.36153	9.413765	10.629349	9.939059	10.587706	10.912435	10.762644	10.12077	13.004529	10.276274	10.814977	10.368409	11.487199
